*Nodes
-0.0692820323, 0.04, 0
-0.05196152423, 0.03, 0
-0.03464101615, 0.02, 0
-0.01732050808, 0.01, 0
0, 0, 0
0.01732050808, 0.01, 0
0.03464101615, 0.02, 0
0.05196152423, 0.03, 0
0.0692820323, 0.04, 0
0, -0.02, 0
0, -0.04, 0
0, -0.06, 0
0, -0.08, 0
*Edges
1, 2
2, 3
3, 4
4, 5
5, 6
6, 7
7, 8
8, 9
5, 10
10, 11
11, 12
12, 13
*elStretchRod
1, 2
2, 3
3, 4
4, 5
5, 6
6, 7
7, 8
8, 9
5, 10
10, 11
11, 12
12, 13
*elBendRod
1, 1, 2, 2, 3
2, 2, 3, 3, 4
3, 3, 4, 4, 5
4, 4, 5, 5, 6
5, 5, 6, 6, 7
6, 6, 7, 7, 8
7, 7, 8, 8, 9
4, 4, 5, 9, 10
5, 9, 10, 10, 11
10, 10, 11, 11, 12
11, 11, 12, 12, 13
6, 5, 5, 9, 10
6, 5, 5, 4, 4
10, 9, 5, 5, 6
10, 9, 5, 4, 4
*elBendSign
1, 1
1, 1
1, 1
1, 1
1, 1
1, 1
1, 1
1, 1
1, 1
1, 1
1, 1
-1, 1
-1, -1
-1, 1
-1, -1
