*Nodes
0,0,0
0.1,0,0
0.1,0.025,0
0,0.025,0
0,0.01875,0
0,0.0125,0
0,0.00625,0
0.00625,0,0
0.0125,0,0
0.01875,0,0
0.025,0,0
0.03125,0,0
0.0375,0,0
0.04375,0,0
0.05,0,0
0.05625,0,0
0.0625,0,0
0.06875,0,0
0.075,0,0
0.08125,0,0
0.0875,0,0
0.09375,0,0
0.1,0.00625,0
0.1,0.0125,0
0.1,0.01875,0
0.09375,0.025,0
0.0875,0.025,0
0.08125,0.025,0
0.075,0.025,0
0.06875,0.025,0
0.0625,0.025,0
0.05625,0.025,0
0.05,0.025,0
0.04375,0.025,0
0.0375,0.025,0
0.03125,0.025,0
0.025,0.025,0
0.01875,0.025,0
0.0125,0.025,0
0.00625,0.025,0
0.0312476066959442,0.0121495903776607,0
0.025,0.0125,0
0.0185808947077739,0.0122989880526098,0
0.0116690165025569,0.0125,0
0.0957311706131737,0.00426882938682637,0
0.0904929685795168,0.00533763579541332,0
0.0948215395958797,0.00958679586799811,0
0.0844756983621343,0.00617051723375279,0
0.0948667879290796,0.0154381005052917,0
0.0781389484080722,0.00618544387803946,0
0.0958267869653385,0.0207439572375966,0
0.0718671083417387,0.00622627397629619,0
0.0656312806282246,0.00623695739968393,0
0.0905932367499185,0.0196136503676936,0
0.0593803372218465,0.00618218266250316,0
0.0845003253151467,0.0188149184022969,0
0.0531118782181359,0.00628175011653208,0
0.0781511068697847,0.0188234752421767,0
0.0468568544450875,0.00618171011891081,0
0.0718610485020694,0.0188116029080263,0
0.0406097534888991,0.00619489826906874,0
0.0656169220060956,0.0187340615434337,0
0.034379464486662,0.00612731135897966,0
0.0593986133490272,0.0188268088757943,0
0.0281001697770056,0.00619217979170159,0
0.0531113276063815,0.0188447019392334,0
0.0218314502800351,0.00613451845322159,0
0.0468553801660268,0.018744319793314,0
0.0154903940562492,0.00603508523997646,0
0.040625,0.0188962666583869,0
0.00950703142048318,0.00533763579541332,0
0.0343767899528215,0.0187335257166087,0
0.00426882938682637,0.00426882938682637,0
0.0281277342518657,0.0188084728790099,0
0.0218526820315464,0.0187614982151374,0
0.00516021432965414,0.00953072100841169,0
0.0154992878699834,0.0187879177234931,0
0.00514874377374661,0.0153878287385487,0
0.00942917295092771,0.0196122400279936,0
0.00418831120633381,0.0207372912506855,0
0.0884031044732293,0.0124995077831671,0
0.08125,0.0125,0
0.0749276374532314,0.01250141822406,0
0.0687445684154374,0.0124742147216212,0
0.0625293628337792,0.0123128415694213,0
0.0562139355253104,0.0126638861093745,0
0.0499144179718927,0.012508820183495,0
0.0437207364960418,0.0125167373629497,0
0.0375,0.0125,0
*Edges
79,78
78,44
44,79
63,13
13,61
61,63
66,87
87,86
86,66
72,74
74,41
41,72
57,55
55,86
86,57
50,82
82,83
83,50
47,24
24,49
49,47
51,54
54,49
49,51
70,89
89,88
88,70
61,59
59,88
88,61
71,69
69,44
44,71
69,67
67,43
43,69
43,44
89,72
41,89
5,78
78,80
80,5
79,80
65,63
63,41
41,65
63,89
70,72
61,89
76,71
44,76
77,79
44,77
59,57
57,87
87,59
66,68
68,87
29,30
30,60
60,29
53,52
52,84
84,53
85,53
84,85
55,85
85,86
60,62
62,84
84,60
62,85
87,88
67,65
65,42
42,67
41,42
42,43
8,9
9,71
71,8
74,75
75,42
42,74
15,16
16,57
57,15
35,36
36,72
72,35
52,83
83,84
58,60
60,83
83,58
25,3
3,51
51,25
48,46
46,81
81,48
82,48
81,82
46,45
45,47
47,46
6,7
7,76
76,6
12,13
63,12
75,43
40,4
4,80
80,40
4,5
82,58
58,29
30,31
31,62
62,30
54,56
56,81
81,54
27,28
28,56
56,27
32,33
33,66
66,32
28,58
58,56
70,35
16,55
18,19
19,52
52,18
31,32
32,64
64,31
7,1
1,73
73,7
17,18
18,53
53,17
33,68
54,27
26,27
54,26
65,12
11,12
65,11
36,37
37,74
74,36
22,2
2,45
45,22
2,23
23,45
55,17
53,55
79,40
1,8
8,73
37,38
38,75
75,37
38,39
39,77
77,38
64,62
14,15
15,59
59,14
3,26
26,51
56,82
71,73
10,11
11,67
67,10
34,35
70,34
69,10
9,10
69,9
5,6
6,78
24,25
25,49
23,24
47,23
73,76
76,78
77,75
39,40
79,39
77,43
33,34
34,68
16,17
20,21
21,48
48,20
21,22
22,46
46,21
19,20
20,50
50,19
28,29
70,68
64,85
50,52
66,64
48,50
81,49
47,81
88,68
86,64
13,14
14,61
*FaceNodes
44,79,78
61,63,13
86,66,87
41,72,74
86,57,55
83,50,82
49,47,24
49,51,54
88,70,89
88,61,59
44,71,69
43,69,67
43,44,69
41,89,72
80,5,78
80,78,79
41,65,63
41,63,89
89,70,72
89,63,61
44,76,71
44,77,79
87,59,57
87,66,68
60,29,30
84,53,52
84,85,53
86,55,85
86,87,57
84,60,62
84,62,85
88,59,87
88,89,61
42,67,65
42,65,41
42,43,67
71,8,9
42,74,75
57,15,16
72,35,36
83,84,52
83,58,60
51,25,3
81,48,46
81,82,48
47,46,45
76,6,7
42,41,74
63,12,13
42,75,43
80,40,4
80,4,5
83,82,58
60,58,29
62,30,31
60,30,62
81,54,56
56,27,28
66,32,33
56,28,58
72,70,35
57,16,55
52,18,19
64,31,32
83,60,84
73,7,1
53,17,18
66,33,68
56,54,27
54,26,27
63,65,12
65,11,12
74,36,37
74,72,36
45,22,2
45,2,23
53,18,52
53,55,17
80,79,40
73,1,8
75,37,38
77,38,39
64,62,31
59,14,15
51,3,26
81,56,82
71,73,8
67,10,11
70,34,35
74,37,75
67,69,10
67,11,65
69,9,10
78,5,6
49,24,25
47,23,24
76,7,73
76,78,6
77,75,38
69,71,9
79,39,40
43,75,77
68,33,34
55,16,17
49,25,51
48,20,21
46,21,22
46,22,45
50,19,20
58,28,29
47,45,23
51,26,54
68,34,70
85,62,64
50,52,19
85,55,53
59,15,57
66,64,32
48,50,20
48,21,46
76,73,71
79,77,39
81,49,54
81,46,47
81,47,49
82,50,48
88,68,70
88,87,68
86,64,66
61,13,14
82,56,58
83,52,50
43,77,44
44,78,76
86,85,64
61,14,59
*elStretchShell
79,78
78,44
44,79
63,13
13,61
61,63
66,87
87,86
86,66
72,74
74,41
41,72
57,55
55,86
86,57
50,82
82,83
83,50
47,24
24,49
49,47
51,54
54,49
49,51
70,89
89,88
88,70
61,59
59,88
88,61
71,69
69,44
44,71
69,67
67,43
43,69
43,44
89,72
41,89
5,78
78,80
80,5
79,80
65,63
63,41
41,65
63,89
70,72
61,89
76,71
44,76
77,79
44,77
59,57
57,87
87,59
66,68
68,87
29,30
30,60
60,29
53,52
52,84
84,53
85,53
84,85
55,85
85,86
60,62
62,84
84,60
62,85
87,88
67,65
65,42
42,67
41,42
42,43
8,9
9,71
71,8
74,75
75,42
42,74
15,16
16,57
57,15
35,36
36,72
72,35
52,83
83,84
58,60
60,83
83,58
25,3
3,51
51,25
48,46
46,81
81,48
82,48
81,82
46,45
45,47
47,46
6,7
7,76
76,6
12,13
63,12
75,43
40,4
4,80
80,40
4,5
82,58
58,29
30,31
31,62
62,30
54,56
56,81
81,54
27,28
28,56
56,27
32,33
33,66
66,32
28,58
58,56
70,35
16,55
18,19
19,52
52,18
31,32
32,64
64,31
7,1
1,73
73,7
17,18
18,53
53,17
33,68
54,27
26,27
54,26
65,12
11,12
65,11
36,37
37,74
74,36
22,2
2,45
45,22
2,23
23,45
55,17
53,55
79,40
1,8
8,73
37,38
38,75
75,37
38,39
39,77
77,38
64,62
14,15
15,59
59,14
3,26
26,51
56,82
71,73
10,11
11,67
67,10
34,35
70,34
69,10
9,10
69,9
5,6
6,78
24,25
25,49
23,24
47,23
73,76
76,78
77,75
39,40
79,39
77,43
33,34
34,68
16,17
20,21
21,48
48,20
21,22
22,46
46,21
19,20
20,50
50,19
28,29
70,68
64,85
50,52
66,64
48,50
81,49
47,81
88,68
86,64
13,14
14,61
*elBendShell
44,69,71,43
69,43,67,44
72,41,74,89
78,79,44,80
80,78,5,79
89,41,72,63
41,63,65,89
72,89,41,70
89,70,88,72
63,61,13,89
89,63,41,61
71,44,69,76
79,44,78,77
87,66,86,68
53,84,52,85
86,55,57,85
87,57,59,86
57,86,55,87
86,87,66,57
85,84,53,62
84,62,60,85
59,87,57,88
88,59,61,87
89,61,63,88
61,88,59,89
88,89,70,61
65,41,63,42
42,65,67,41
43,67,69,42
67,42,65,43
84,52,53,83
48,81,46,82
41,74,72,42
74,42,75,41
42,41,65,74
13,63,61,12
43,42,67,75
42,75,74,43
5,80,78,4
80,4,40,5
58,83,60,82
83,82,50,58
29,60,30,58
60,58,83,29
30,62,31,60
62,60,84,30
60,30,29,62
56,28,27,58
35,72,36,70
72,70,89,35
55,57,86,16
57,16,15,55
60,84,62,83
84,83,52,60
83,60,58,84
68,66,87,33
66,33,32,68
27,56,28,54
56,54,81,27
27,54,56,26
12,63,13,65
63,65,41,12
12,65,63,11
72,36,35,74
36,74,37,72
74,72,41,36
45,2,22,23
18,52,19,53
52,53,84,18
53,18,17,52
17,53,18,55
40,80,4,79
80,79,78,40
73,1,7,8
62,31,30,64
31,64,32,62
51,3,25,26
82,81,48,56
81,56,54,82
73,8,1,71
8,71,9,73
35,70,72,34
37,75,38,74
75,74,42,37
74,37,36,75
10,67,11,69
67,69,43,10
11,65,12,67
65,67,42,11
67,11,10,65
10,69,67,9
78,5,80,6
49,24,47,25
24,47,49,23
7,73,1,76
76,7,6,73
78,6,5,76
6,76,7,78
75,38,37,77
38,77,39,75
71,9,8,69
9,69,10,71
69,71,44,9
40,79,80,39
75,77,38,43
43,75,42,77
68,33,66,34
17,55,53,16
55,16,57,17
25,51,3,49
51,49,54,25
49,25,24,51
22,45,2,46
45,46,47,22
46,22,21,45
29,58,60,28
58,28,56,29
45,23,2,47
23,47,24,45
47,45,46,23
26,54,27,51
54,51,49,26
51,26,3,54
34,70,35,68
68,34,33,70
62,64,31,85
85,62,84,64
52,19,18,50
19,50,20,52
55,53,17,85
53,85,84,55
85,55,86,53
15,57,16,59
57,59,87,15
59,15,14,57
64,32,31,66
32,66,33,64
50,20,19,48
20,48,21,50
21,46,22,48
46,48,81,21
48,21,20,46
73,71,8,76
71,76,44,73
76,73,7,71
77,39,38,79
39,79,40,77
79,77,44,39
49,54,51,81
54,81,56,49
46,47,45,81
81,46,48,47
47,49,24,81
49,81,54,47
81,47,46,49
50,48,20,82
48,82,81,50
82,50,83,48
68,70,34,88
70,88,89,68
87,68,66,88
68,88,70,87
88,87,59,68
64,66,32,86
66,86,87,64
61,13,63,14
56,58,28,82
58,82,83,56
82,56,81,58
52,50,19,83
50,83,82,52
83,52,84,50
77,44,79,43
44,43,69,77
43,77,75,44
78,76,6,44
76,44,71,78
44,78,79,76
85,64,62,86
64,86,66,85
86,85,55,64
14,59,15,61
59,61,88,14
61,14,13,59
