*Nodes
0, -0.08, 0
0, -0.06, 0
0, -0.04, 0
0, -0.02, 0
0, 0, 0
0.0190, -0.0062, 0
0.0380, -0.0124, 0
0.0571, -0.0185, 0
0.0761, -0.0247, 0
0.0118, 0.0162, 0
0.0235, 0.0324, 0
0.0353, 0.0485, 0
0.0470, 0.0647, 0
-0.0118, 0.0162, 0
-0.0235, 0.0324, 0
-0.0353, 0.0485, 0
-0.0470, 0.0647, 0
-0.0190, -0.0062, 0
-0.0380, -0.0124, 0
-0.0571, -0.0185, 0
-0.0761, -0.0247, 0
*Edges
1, 2
2, 3
3, 4
4, 5
5, 6
6, 7
7, 8
8, 9
5, 10
10, 11
11, 12
12, 13
5, 14
14, 15
15, 16
16, 17
5, 18
18, 19
19, 20
20, 21
*elStretchRod
1, 2
2, 3
3, 4
4, 5
5, 6
6, 7
7, 8
8, 9
5, 10
10, 11
11, 12
12, 13
5, 14
14, 15
15, 16
16, 17
5, 18
18, 19
19, 20
20, 21
*elBendRod
1, 1, 2, 2, 3
2, 2, 3, 3, 4
3, 3, 4, 4, 5
4, 4, 5, 5, 6
5, 5, 6, 6, 7
6, 6, 7, 7, 8
7, 7, 8, 8, 9
4, 4, 5, 9, 10
5, 9, 10, 10, 11
10, 10, 11, 11, 12
11, 11, 12, 12, 13
4, 4, 5, 13, 14
5, 13, 14, 14, 15
14, 14, 15, 15, 16
15, 15, 16, 16, 17
4, 4, 5, 17, 18
5, 17, 18, 18, 19
18, 18, 19, 19, 20
19, 19, 20, 20, 21
