*Nodes
0.000000e+00, 0.000000e+00, 0.000000e+00
2.000000e-02, 0.000000e+00, 0.000000e+00
4.000000e-02, 0.000000e+00, 0.000000e+00
6.000000e-02, 0.000000e+00, 0.000000e+00
8.000000e-02, 0.000000e+00, 0.000000e+00
10.000000e-02, 0.000000e+00, 0.000000e+00
12.000000e-02, 0.000000e+00, 0.000000e+00
14.000000e-02, 0.000000e+00, 0.000000e+00
16.000000e-02, 0.000000e+00, 0.000000e+00
8.000000e-02, -2.000000e-02, 0.000000e+00
8.000000e-02, -4.000000e-02, 0.000000e+00
8.000000e-02, -6.000000e-02, 0.000000e+00
8.000000e-02, -8.000000e-02, 0.000000e+00
*Edges
1, 2
2, 3
3, 4
4, 5
5, 6
6, 7
7, 8
8, 9
5, 10
10, 11
11, 12
12, 13
*elStretchRod
1, 2
2, 3
3, 4
4, 5
5, 6
6, 7
7, 8
8, 9
5, 10
10, 11
11, 12
12, 13
*elBendRod
1, 1, 2, 2, 3
2, 2, 3, 3, 4
3, 3, 4, 4, 5
4, 4, 5, 5, 6
5, 5, 6, 6, 7
6, 6, 7, 7, 8
7, 7, 8, 8, 9
4, 4, 5, 9, 10
5, 9, 10, 10, 11
10, 10, 11, 11, 12
11, 11, 12, 12, 13
