*rodNodes
0,0,0
0.0199868431247968,0,-0.000628111849406587
0.0398948073109001,0,-0.00250996852711372
0.0596453249187511,0,-0.00563814320455314
0.0791604496785047,0,-0.0100002904054
0.0983631643083466,0,-0.0155791947275279
0.117177684466519,0,-0.0223528387843365
0.135529757837493,0,-0.0302944900973172
0.15334695717194,0,-0.039372806596933
0.17055896612399,0,-0.0495519603154482
0.187097856757728,0,-0.0607917787835487
0.202898357627723,0,-0.0730479035727258
0.217898111375604,0,-0.0862719653577271
0.232037920826064,0,-0.100411774808187
0.245261982611065,0,-0.115411528556068
0.257518107400242,0,-0.131212029426063
0.268757925868343,0,-0.147750920059801
0.278937079586858,0,-0.164962929011851
0.288015396086473,0,-0.182780128346297
0.295957047399454,0,-0.201132201717272
0.302730691456263,0,-0.219946721875444
0.308309595778391,0,-0.239149436505286
0.312671742979238,0,-0.25866456126504
0.315799917656677,0,-0.27841507887289
0.317681774334384,0,-0.298323043058994
0.318309886183791,0,-0.318309886183791
0.317681774334384,0,-0.338296729308587
0.315799917656677,0,-0.358204693494691
0.312671742979238,0,-0.377955211102542
0.308309595778391,0,-0.397470335862295
0.302730691456263,0,-0.416673050492137
0.295957047399454,0,-0.435487570650309
0.288015396086474,0,-0.453839644021284
0.278937079586858,0,-0.47165684335573
0.268757925868343,0,-0.48886885230778
0.257518107400242,0,-0.505407742941518
0.245261982611065,0,-0.521208243811514
0.232037920826064,0,-0.536207997559395
0.217898111375605,0,-0.550347807009854
0.202898357627724,0,-0.563571868794855
0.187097856757728,0,-0.575827993584032
0.17055896612399,0,-0.587067812052133
0.153346957171941,0,-0.597246965770648
0.135529757837494,0,-0.606325282270264
0.117177684466519,0,-0.614266933583245
0.0983631643083474,0,-0.621040577640053
0.0791604496785055,0,-0.626619481962181
0.0596453249187519,0,-0.630981629163028
0.039894807310901,0,-0.634109803840468
0.0199868431247977,0,-0.635991660518175
0,0,-0.636619772367581
*rodEdges
1,2
2,3
3,4
4,5
5,6
6,7
7,8
8,9
9,10
10,11
11,12
12,13
13,14
14,15
15,16
16,17
17,18
18,19
19,20
20,21
21,22
22,23
23,24
24,25
25,26
26,27
27,28
28,29
29,30
30,31
31,32
32,33
33,34
34,35
35,36
36,37
37,38
38,39
39,40
40,41
41,42
42,43
43,44
44,45
45,46
46,47
47,48
48,49
49,50
50,51
