*shellNodes
-0.866025, 0.000000, 0.000000
-0.831384, -0.020000, 0.000000
-0.831384, 0.020000, 0.000000
-0.796743, -0.040000, 0.000000
-0.796743, 0.000000, 0.000000
-0.796743, 0.040000, 0.000000
-0.762102, -0.060000, 0.000000
-0.762102, -0.020000, 0.000000
-0.762102, 0.020000, 0.000000
-0.762102, 0.060000, 0.000000
-0.727461, -0.080000, 0.000000
-0.727461, -0.040000, 0.000000
-0.727461, 0.000000, 0.000000
-0.727461, 0.040000, 0.000000
-0.727461, 0.080000, 0.000000
-0.692820, -0.100000, 0.000000
-0.692820, -0.060000, 0.000000
-0.692820, -0.020000, 0.000000
-0.692820, 0.020000, 0.000000
-0.692820, 0.060000, 0.000000
-0.692820, 0.100000, 0.000000
-0.658179, -0.120000, 0.000000
-0.658179, -0.080000, 0.000000
-0.658179, -0.040000, 0.000000
-0.658179, 0.000000, 0.000000
-0.658179, 0.040000, 0.000000
-0.658179, 0.080000, 0.000000
-0.658179, 0.120000, 0.000000
-0.623538, -0.140000, 0.000000
-0.623538, -0.100000, 0.000000
-0.623538, -0.060000, 0.000000
-0.623538, -0.020000, 0.000000
-0.623538, 0.020000, 0.000000
-0.623538, 0.060000, 0.000000
-0.623538, 0.100000, 0.000000
-0.623538, 0.140000, 0.000000
-0.588897, -0.160000, 0.000000
-0.588897, -0.120000, 0.000000
-0.588897, -0.080000, 0.000000
-0.588897, -0.040000, 0.000000
-0.588897, 0.000000, 0.000000
-0.588897, 0.040000, 0.000000
-0.588897, 0.080000, 0.000000
-0.588897, 0.120000, 0.000000
-0.588897, 0.160000, 0.000000
-0.554256, -0.180000, 0.000000
-0.554256, -0.140000, 0.000000
-0.554256, -0.100000, 0.000000
-0.554256, -0.060000, 0.000000
-0.554256, -0.020000, 0.000000
-0.554256, 0.020000, 0.000000
-0.554256, 0.060000, 0.000000
-0.554256, 0.100000, 0.000000
-0.554256, 0.140000, 0.000000
-0.554256, 0.180000, 0.000000
-0.519615, -0.200000, 0.000000
-0.519615, -0.160000, 0.000000
-0.519615, -0.120000, 0.000000
-0.519615, -0.080000, 0.000000
-0.519615, -0.040000, 0.000000
-0.519615, 0.000000, 0.000000
-0.519615, 0.040000, 0.000000
-0.519615, 0.080000, 0.000000
-0.519615, 0.120000, 0.000000
-0.519615, 0.160000, 0.000000
-0.519615, 0.200000, 0.000000
-0.484974, -0.220000, 0.000000
-0.484974, -0.180000, 0.000000
-0.484974, -0.140000, 0.000000
-0.484974, -0.100000, 0.000000
-0.484974, -0.060000, 0.000000
-0.484974, -0.020000, 0.000000
-0.484974, 0.020000, 0.000000
-0.484974, 0.060000, 0.000000
-0.484974, 0.100000, 0.000000
-0.484974, 0.140000, 0.000000
-0.484974, 0.180000, 0.000000
-0.484974, 0.220000, 0.000000
-0.450333, -0.240000, 0.000000
-0.450333, -0.200000, 0.000000
-0.450333, -0.160000, 0.000000
-0.450333, -0.120000, 0.000000
-0.450333, -0.080000, 0.000000
-0.450333, -0.040000, 0.000000
-0.450333, 0.000000, 0.000000
-0.450333, 0.040000, 0.000000
-0.450333, 0.080000, 0.000000
-0.450333, 0.120000, 0.000000
-0.450333, 0.160000, 0.000000
-0.450333, 0.200000, 0.000000
-0.450333, 0.240000, 0.000000
-0.415692, -0.260000, 0.000000
-0.415692, -0.220000, 0.000000
-0.415692, -0.180000, 0.000000
-0.415692, -0.140000, 0.000000
-0.415692, -0.100000, 0.000000
-0.415692, -0.060000, 0.000000
-0.415692, -0.020000, 0.000000
-0.415692, 0.020000, 0.000000
-0.415692, 0.060000, 0.000000
-0.415692, 0.100000, 0.000000
-0.415692, 0.140000, 0.000000
-0.415692, 0.180000, 0.000000
-0.415692, 0.220000, 0.000000
-0.415692, 0.260000, 0.000000
-0.381051, -0.280000, 0.000000
-0.381051, -0.240000, 0.000000
-0.381051, -0.200000, 0.000000
-0.381051, -0.160000, 0.000000
-0.381051, -0.120000, 0.000000
-0.381051, -0.080000, 0.000000
-0.381051, -0.040000, 0.000000
-0.381051, 0.000000, 0.000000
-0.381051, 0.040000, 0.000000
-0.381051, 0.080000, 0.000000
-0.381051, 0.120000, 0.000000
-0.381051, 0.160000, 0.000000
-0.381051, 0.200000, 0.000000
-0.381051, 0.240000, 0.000000
-0.381051, 0.280000, 0.000000
-0.346410, -0.300000, 0.000000
-0.346410, -0.260000, 0.000000
-0.346410, -0.220000, 0.000000
-0.346410, -0.180000, 0.000000
-0.346410, -0.140000, 0.000000
-0.346410, -0.100000, 0.000000
-0.346410, -0.060000, 0.000000
-0.346410, -0.020000, 0.000000
-0.346410, 0.020000, 0.000000
-0.346410, 0.060000, 0.000000
-0.346410, 0.100000, 0.000000
-0.346410, 0.140000, 0.000000
-0.346410, 0.180000, 0.000000
-0.346410, 0.220000, 0.000000
-0.346410, 0.260000, 0.000000
-0.346410, 0.300000, 0.000000
-0.311769, -0.320000, 0.000000
-0.311769, -0.280000, 0.000000
-0.311769, -0.240000, 0.000000
-0.311769, -0.200000, 0.000000
-0.311769, -0.160000, 0.000000
-0.311769, -0.120000, 0.000000
-0.311769, -0.080000, 0.000000
-0.311769, -0.040000, 0.000000
-0.311769, 0.000000, 0.000000
-0.311769, 0.040000, 0.000000
-0.311769, 0.080000, 0.000000
-0.311769, 0.120000, 0.000000
-0.311769, 0.160000, 0.000000
-0.311769, 0.200000, 0.000000
-0.311769, 0.240000, 0.000000
-0.311769, 0.280000, 0.000000
-0.311769, 0.320000, 0.000000
-0.277128, -0.340000, 0.000000
-0.277128, -0.300000, 0.000000
-0.277128, -0.260000, 0.000000
-0.277128, -0.220000, 0.000000
-0.277128, -0.180000, 0.000000
-0.277128, -0.140000, 0.000000
-0.277128, -0.100000, 0.000000
-0.277128, -0.060000, 0.000000
-0.277128, -0.020000, 0.000000
-0.277128, 0.020000, 0.000000
-0.277128, 0.060000, 0.000000
-0.277128, 0.100000, 0.000000
-0.277128, 0.140000, 0.000000
-0.277128, 0.180000, 0.000000
-0.277128, 0.220000, 0.000000
-0.277128, 0.260000, 0.000000
-0.277128, 0.300000, 0.000000
-0.277128, 0.340000, 0.000000
-0.242487, -0.360000, 0.000000
-0.242487, -0.320000, 0.000000
-0.242487, -0.280000, 0.000000
-0.242487, -0.240000, 0.000000
-0.242487, -0.200000, 0.000000
-0.242487, -0.160000, 0.000000
-0.242487, -0.120000, 0.000000
-0.242487, -0.080000, 0.000000
-0.242487, -0.040000, 0.000000
-0.242487, 0.000000, 0.000000
-0.242487, 0.040000, 0.000000
-0.242487, 0.080000, 0.000000
-0.242487, 0.120000, 0.000000
-0.242487, 0.160000, 0.000000
-0.242487, 0.200000, 0.000000
-0.242487, 0.240000, 0.000000
-0.242487, 0.280000, 0.000000
-0.242487, 0.320000, 0.000000
-0.242487, 0.360000, 0.000000
-0.207846, -0.380000, 0.000000
-0.207846, -0.340000, 0.000000
-0.207846, -0.300000, 0.000000
-0.207846, -0.260000, 0.000000
-0.207846, -0.220000, 0.000000
-0.207846, -0.180000, 0.000000
-0.207846, -0.140000, 0.000000
-0.207846, -0.100000, 0.000000
-0.207846, -0.060000, 0.000000
-0.207846, -0.020000, 0.000000
-0.207846, 0.020000, 0.000000
-0.207846, 0.060000, 0.000000
-0.207846, 0.100000, 0.000000
-0.207846, 0.140000, 0.000000
-0.207846, 0.180000, 0.000000
-0.207846, 0.220000, 0.000000
-0.207846, 0.260000, 0.000000
-0.207846, 0.300000, 0.000000
-0.207846, 0.340000, 0.000000
-0.207846, 0.380000, 0.000000
-0.173205, -0.400000, 0.000000
-0.173205, -0.360000, 0.000000
-0.173205, -0.320000, 0.000000
-0.173205, -0.280000, 0.000000
-0.173205, -0.240000, 0.000000
-0.173205, -0.200000, 0.000000
-0.173205, -0.160000, 0.000000
-0.173205, -0.120000, 0.000000
-0.173205, -0.080000, 0.000000
-0.173205, -0.040000, 0.000000
-0.173205, 0.000000, 0.000000
-0.173205, 0.040000, 0.000000
-0.173205, 0.080000, 0.000000
-0.173205, 0.120000, 0.000000
-0.173205, 0.160000, 0.000000
-0.173205, 0.200000, 0.000000
-0.173205, 0.240000, 0.000000
-0.173205, 0.280000, 0.000000
-0.173205, 0.320000, 0.000000
-0.173205, 0.360000, 0.000000
-0.173205, 0.400000, 0.000000
-0.138564, -0.420000, 0.000000
-0.138564, -0.380000, 0.000000
-0.138564, -0.340000, 0.000000
-0.138564, -0.300000, 0.000000
-0.138564, -0.260000, 0.000000
-0.138564, -0.220000, 0.000000
-0.138564, -0.180000, 0.000000
-0.138564, -0.140000, 0.000000
-0.138564, -0.100000, 0.000000
-0.138564, -0.060000, 0.000000
-0.138564, -0.020000, 0.000000
-0.138564, 0.020000, 0.000000
-0.138564, 0.060000, 0.000000
-0.138564, 0.100000, 0.000000
-0.138564, 0.140000, 0.000000
-0.138564, 0.180000, 0.000000
-0.138564, 0.220000, 0.000000
-0.138564, 0.260000, 0.000000
-0.138564, 0.300000, 0.000000
-0.138564, 0.340000, 0.000000
-0.138564, 0.380000, 0.000000
-0.138564, 0.420000, 0.000000
-0.103923, -0.440000, 0.000000
-0.103923, -0.400000, 0.000000
-0.103923, -0.360000, 0.000000
-0.103923, -0.320000, 0.000000
-0.103923, -0.280000, 0.000000
-0.103923, -0.240000, 0.000000
-0.103923, -0.200000, 0.000000
-0.103923, -0.160000, 0.000000
-0.103923, -0.120000, 0.000000
-0.103923, -0.080000, 0.000000
-0.103923, -0.040000, 0.000000
-0.103923, 0.000000, 0.000000
-0.103923, 0.040000, 0.000000
-0.103923, 0.080000, 0.000000
-0.103923, 0.120000, 0.000000
-0.103923, 0.160000, 0.000000
-0.103923, 0.200000, 0.000000
-0.103923, 0.240000, 0.000000
-0.103923, 0.280000, 0.000000
-0.103923, 0.320000, 0.000000
-0.103923, 0.360000, 0.000000
-0.103923, 0.400000, 0.000000
-0.103923, 0.440000, 0.000000
-0.069282, -0.460000, 0.000000
-0.069282, -0.420000, 0.000000
-0.069282, -0.380000, 0.000000
-0.069282, -0.340000, 0.000000
-0.069282, -0.300000, 0.000000
-0.069282, -0.260000, 0.000000
-0.069282, -0.220000, 0.000000
-0.069282, -0.180000, 0.000000
-0.069282, -0.140000, 0.000000
-0.069282, -0.100000, 0.000000
-0.069282, -0.060000, 0.000000
-0.069282, -0.020000, 0.000000
-0.069282, 0.020000, 0.000000
-0.069282, 0.060000, 0.000000
-0.069282, 0.100000, 0.000000
-0.069282, 0.140000, 0.000000
-0.069282, 0.180000, 0.000000
-0.069282, 0.220000, 0.000000
-0.069282, 0.260000, 0.000000
-0.069282, 0.300000, 0.000000
-0.069282, 0.340000, 0.000000
-0.069282, 0.380000, 0.000000
-0.069282, 0.420000, 0.000000
-0.069282, 0.460000, 0.000000
-0.034641, -0.480000, 0.000000
-0.034641, -0.440000, 0.000000
-0.034641, -0.400000, 0.000000
-0.034641, -0.360000, 0.000000
-0.034641, -0.320000, 0.000000
-0.034641, -0.280000, 0.000000
-0.034641, -0.240000, 0.000000
-0.034641, -0.200000, 0.000000
-0.034641, -0.160000, 0.000000
-0.034641, -0.120000, 0.000000
-0.034641, -0.080000, 0.000000
-0.034641, -0.040000, 0.000000
-0.034641, 0.000000, 0.000000
-0.034641, 0.040000, 0.000000
-0.034641, 0.080000, 0.000000
-0.034641, 0.120000, 0.000000
-0.034641, 0.160000, 0.000000
-0.034641, 0.200000, 0.000000
-0.034641, 0.240000, 0.000000
-0.034641, 0.280000, 0.000000
-0.034641, 0.320000, 0.000000
-0.034641, 0.360000, 0.000000
-0.034641, 0.400000, 0.000000
-0.034641, 0.440000, 0.000000
-0.034641, 0.480000, 0.000000
0.000000, -0.500000, 0.000000
0.000000, -0.460000, 0.000000
0.000000, -0.420000, 0.000000
0.000000, -0.380000, 0.000000
0.000000, -0.340000, 0.000000
0.000000, -0.300000, 0.000000
0.000000, -0.260000, 0.000000
0.000000, -0.220000, 0.000000
0.000000, -0.180000, 0.000000
0.000000, -0.140000, 0.000000
0.000000, -0.100000, 0.000000
0.000000, -0.060000, 0.000000
0.000000, -0.020000, 0.000000
0.000000, 0.020000, 0.000000
0.000000, 0.060000, 0.000000
0.000000, 0.100000, 0.000000
0.000000, 0.140000, 0.000000
0.000000, 0.180000, 0.000000
0.000000, 0.220000, 0.000000
0.000000, 0.260000, 0.000000
0.000000, 0.300000, 0.000000
0.000000, 0.340000, 0.000000
0.000000, 0.380000, 0.000000
0.000000, 0.420000, 0.000000
0.000000, 0.460000, 0.000000
0.000000, 0.500000, 0.000000
0.866025, 0.000000, 0.000000
0.831384, -0.020000, 0.000000
0.831384, 0.020000, 0.000000
0.796743, -0.040000, 0.000000
0.796743, 0.000000, 0.000000
0.796743, 0.040000, 0.000000
0.762102, -0.060000, 0.000000
0.762102, -0.020000, 0.000000
0.762102, 0.020000, 0.000000
0.762102, 0.060000, 0.000000
0.727461, -0.080000, 0.000000
0.727461, -0.040000, 0.000000
0.727461, 0.000000, 0.000000
0.727461, 0.040000, 0.000000
0.727461, 0.080000, 0.000000
0.692820, -0.100000, 0.000000
0.692820, -0.060000, 0.000000
0.692820, -0.020000, 0.000000
0.692820, 0.020000, 0.000000
0.692820, 0.060000, 0.000000
0.692820, 0.100000, 0.000000
0.658179, -0.120000, 0.000000
0.658179, -0.080000, 0.000000
0.658179, -0.040000, 0.000000
0.658179, 0.000000, 0.000000
0.658179, 0.040000, 0.000000
0.658179, 0.080000, 0.000000
0.658179, 0.120000, 0.000000
0.623538, -0.140000, 0.000000
0.623538, -0.100000, 0.000000
0.623538, -0.060000, 0.000000
0.623538, -0.020000, 0.000000
0.623538, 0.020000, 0.000000
0.623538, 0.060000, 0.000000
0.623538, 0.100000, 0.000000
0.623538, 0.140000, 0.000000
0.588897, -0.160000, 0.000000
0.588897, -0.120000, 0.000000
0.588897, -0.080000, 0.000000
0.588897, -0.040000, 0.000000
0.588897, 0.000000, 0.000000
0.588897, 0.040000, 0.000000
0.588897, 0.080000, 0.000000
0.588897, 0.120000, 0.000000
0.588897, 0.160000, 0.000000
0.554256, -0.180000, 0.000000
0.554256, -0.140000, 0.000000
0.554256, -0.100000, 0.000000
0.554256, -0.060000, 0.000000
0.554256, -0.020000, 0.000000
0.554256, 0.020000, 0.000000
0.554256, 0.060000, 0.000000
0.554256, 0.100000, 0.000000
0.554256, 0.140000, 0.000000
0.554256, 0.180000, 0.000000
0.519615, -0.200000, 0.000000
0.519615, -0.160000, 0.000000
0.519615, -0.120000, 0.000000
0.519615, -0.080000, 0.000000
0.519615, -0.040000, 0.000000
0.519615, 0.000000, 0.000000
0.519615, 0.040000, 0.000000
0.519615, 0.080000, 0.000000
0.519615, 0.120000, 0.000000
0.519615, 0.160000, 0.000000
0.519615, 0.200000, 0.000000
0.484974, -0.220000, 0.000000
0.484974, -0.180000, 0.000000
0.484974, -0.140000, 0.000000
0.484974, -0.100000, 0.000000
0.484974, -0.060000, 0.000000
0.484974, -0.020000, 0.000000
0.484974, 0.020000, 0.000000
0.484974, 0.060000, 0.000000
0.484974, 0.100000, 0.000000
0.484974, 0.140000, 0.000000
0.484974, 0.180000, 0.000000
0.484974, 0.220000, 0.000000
0.450333, -0.240000, 0.000000
0.450333, -0.200000, 0.000000
0.450333, -0.160000, 0.000000
0.450333, -0.120000, 0.000000
0.450333, -0.080000, 0.000000
0.450333, -0.040000, 0.000000
0.450333, 0.000000, 0.000000
0.450333, 0.040000, 0.000000
0.450333, 0.080000, 0.000000
0.450333, 0.120000, 0.000000
0.450333, 0.160000, 0.000000
0.450333, 0.200000, 0.000000
0.450333, 0.240000, 0.000000
0.415692, -0.260000, 0.000000
0.415692, -0.220000, 0.000000
0.415692, -0.180000, 0.000000
0.415692, -0.140000, 0.000000
0.415692, -0.100000, 0.000000
0.415692, -0.060000, 0.000000
0.415692, -0.020000, 0.000000
0.415692, 0.020000, 0.000000
0.415692, 0.060000, 0.000000
0.415692, 0.100000, 0.000000
0.415692, 0.140000, 0.000000
0.415692, 0.180000, 0.000000
0.415692, 0.220000, 0.000000
0.415692, 0.260000, 0.000000
0.381051, -0.280000, 0.000000
0.381051, -0.240000, 0.000000
0.381051, -0.200000, 0.000000
0.381051, -0.160000, 0.000000
0.381051, -0.120000, 0.000000
0.381051, -0.080000, 0.000000
0.381051, -0.040000, 0.000000
0.381051, 0.000000, 0.000000
0.381051, 0.040000, 0.000000
0.381051, 0.080000, 0.000000
0.381051, 0.120000, 0.000000
0.381051, 0.160000, 0.000000
0.381051, 0.200000, 0.000000
0.381051, 0.240000, 0.000000
0.381051, 0.280000, 0.000000
0.346410, -0.300000, 0.000000
0.346410, -0.260000, 0.000000
0.346410, -0.220000, 0.000000
0.346410, -0.180000, 0.000000
0.346410, -0.140000, 0.000000
0.346410, -0.100000, 0.000000
0.346410, -0.060000, 0.000000
0.346410, -0.020000, 0.000000
0.346410, 0.020000, 0.000000
0.346410, 0.060000, 0.000000
0.346410, 0.100000, 0.000000
0.346410, 0.140000, 0.000000
0.346410, 0.180000, 0.000000
0.346410, 0.220000, 0.000000
0.346410, 0.260000, 0.000000
0.346410, 0.300000, 0.000000
0.311769, -0.320000, 0.000000
0.311769, -0.280000, 0.000000
0.311769, -0.240000, 0.000000
0.311769, -0.200000, 0.000000
0.311769, -0.160000, 0.000000
0.311769, -0.120000, 0.000000
0.311769, -0.080000, 0.000000
0.311769, -0.040000, 0.000000
0.311769, 0.000000, 0.000000
0.311769, 0.040000, 0.000000
0.311769, 0.080000, 0.000000
0.311769, 0.120000, 0.000000
0.311769, 0.160000, 0.000000
0.311769, 0.200000, 0.000000
0.311769, 0.240000, 0.000000
0.311769, 0.280000, 0.000000
0.311769, 0.320000, 0.000000
0.277128, -0.340000, 0.000000
0.277128, -0.300000, 0.000000
0.277128, -0.260000, 0.000000
0.277128, -0.220000, 0.000000
0.277128, -0.180000, 0.000000
0.277128, -0.140000, 0.000000
0.277128, -0.100000, 0.000000
0.277128, -0.060000, 0.000000
0.277128, -0.020000, 0.000000
0.277128, 0.020000, 0.000000
0.277128, 0.060000, 0.000000
0.277128, 0.100000, 0.000000
0.277128, 0.140000, 0.000000
0.277128, 0.180000, 0.000000
0.277128, 0.220000, 0.000000
0.277128, 0.260000, 0.000000
0.277128, 0.300000, 0.000000
0.277128, 0.340000, 0.000000
0.242487, -0.360000, 0.000000
0.242487, -0.320000, 0.000000
0.242487, -0.280000, 0.000000
0.242487, -0.240000, 0.000000
0.242487, -0.200000, 0.000000
0.242487, -0.160000, 0.000000
0.242487, -0.120000, 0.000000
0.242487, -0.080000, 0.000000
0.242487, -0.040000, 0.000000
0.242487, 0.000000, 0.000000
0.242487, 0.040000, 0.000000
0.242487, 0.080000, 0.000000
0.242487, 0.120000, 0.000000
0.242487, 0.160000, 0.000000
0.242487, 0.200000, 0.000000
0.242487, 0.240000, 0.000000
0.242487, 0.280000, 0.000000
0.242487, 0.320000, 0.000000
0.242487, 0.360000, 0.000000
0.207846, -0.380000, 0.000000
0.207846, -0.340000, 0.000000
0.207846, -0.300000, 0.000000
0.207846, -0.260000, 0.000000
0.207846, -0.220000, 0.000000
0.207846, -0.180000, 0.000000
0.207846, -0.140000, 0.000000
0.207846, -0.100000, 0.000000
0.207846, -0.060000, 0.000000
0.207846, -0.020000, 0.000000
0.207846, 0.020000, 0.000000
0.207846, 0.060000, 0.000000
0.207846, 0.100000, 0.000000
0.207846, 0.140000, 0.000000
0.207846, 0.180000, 0.000000
0.207846, 0.220000, 0.000000
0.207846, 0.260000, 0.000000
0.207846, 0.300000, 0.000000
0.207846, 0.340000, 0.000000
0.207846, 0.380000, 0.000000
0.173205, -0.400000, 0.000000
0.173205, -0.360000, 0.000000
0.173205, -0.320000, 0.000000
0.173205, -0.280000, 0.000000
0.173205, -0.240000, 0.000000
0.173205, -0.200000, 0.000000
0.173205, -0.160000, 0.000000
0.173205, -0.120000, 0.000000
0.173205, -0.080000, 0.000000
0.173205, -0.040000, 0.000000
0.173205, 0.000000, 0.000000
0.173205, 0.040000, 0.000000
0.173205, 0.080000, 0.000000
0.173205, 0.120000, 0.000000
0.173205, 0.160000, 0.000000
0.173205, 0.200000, 0.000000
0.173205, 0.240000, 0.000000
0.173205, 0.280000, 0.000000
0.173205, 0.320000, 0.000000
0.173205, 0.360000, 0.000000
0.173205, 0.400000, 0.000000
0.138564, -0.420000, 0.000000
0.138564, -0.380000, 0.000000
0.138564, -0.340000, 0.000000
0.138564, -0.300000, 0.000000
0.138564, -0.260000, 0.000000
0.138564, -0.220000, 0.000000
0.138564, -0.180000, 0.000000
0.138564, -0.140000, 0.000000
0.138564, -0.100000, 0.000000
0.138564, -0.060000, 0.000000
0.138564, -0.020000, 0.000000
0.138564, 0.020000, 0.000000
0.138564, 0.060000, 0.000000
0.138564, 0.100000, 0.000000
0.138564, 0.140000, 0.000000
0.138564, 0.180000, 0.000000
0.138564, 0.220000, 0.000000
0.138564, 0.260000, 0.000000
0.138564, 0.300000, 0.000000
0.138564, 0.340000, 0.000000
0.138564, 0.380000, 0.000000
0.138564, 0.420000, 0.000000
0.103923, -0.440000, 0.000000
0.103923, -0.400000, 0.000000
0.103923, -0.360000, 0.000000
0.103923, -0.320000, 0.000000
0.103923, -0.280000, 0.000000
0.103923, -0.240000, 0.000000
0.103923, -0.200000, 0.000000
0.103923, -0.160000, 0.000000
0.103923, -0.120000, 0.000000
0.103923, -0.080000, 0.000000
0.103923, -0.040000, 0.000000
0.103923, 0.000000, 0.000000
0.103923, 0.040000, 0.000000
0.103923, 0.080000, 0.000000
0.103923, 0.120000, 0.000000
0.103923, 0.160000, 0.000000
0.103923, 0.200000, 0.000000
0.103923, 0.240000, 0.000000
0.103923, 0.280000, 0.000000
0.103923, 0.320000, 0.000000
0.103923, 0.360000, 0.000000
0.103923, 0.400000, 0.000000
0.103923, 0.440000, 0.000000
0.069282, -0.460000, 0.000000
0.069282, -0.420000, 0.000000
0.069282, -0.380000, 0.000000
0.069282, -0.340000, 0.000000
0.069282, -0.300000, 0.000000
0.069282, -0.260000, 0.000000
0.069282, -0.220000, 0.000000
0.069282, -0.180000, 0.000000
0.069282, -0.140000, 0.000000
0.069282, -0.100000, 0.000000
0.069282, -0.060000, 0.000000
0.069282, -0.020000, 0.000000
0.069282, 0.020000, 0.000000
0.069282, 0.060000, 0.000000
0.069282, 0.100000, 0.000000
0.069282, 0.140000, 0.000000
0.069282, 0.180000, 0.000000
0.069282, 0.220000, 0.000000
0.069282, 0.260000, 0.000000
0.069282, 0.300000, 0.000000
0.069282, 0.340000, 0.000000
0.069282, 0.380000, 0.000000
0.069282, 0.420000, 0.000000
0.069282, 0.460000, 0.000000
0.034641, -0.480000, 0.000000
0.034641, -0.440000, 0.000000
0.034641, -0.400000, 0.000000
0.034641, -0.360000, 0.000000
0.034641, -0.320000, 0.000000
0.034641, -0.280000, 0.000000
0.034641, -0.240000, 0.000000
0.034641, -0.200000, 0.000000
0.034641, -0.160000, 0.000000
0.034641, -0.120000, 0.000000
0.034641, -0.080000, 0.000000
0.034641, -0.040000, 0.000000
0.034641, 0.000000, 0.000000
0.034641, 0.040000, 0.000000
0.034641, 0.080000, 0.000000
0.034641, 0.120000, 0.000000
0.034641, 0.160000, 0.000000
0.034641, 0.200000, 0.000000
0.034641, 0.240000, 0.000000
0.034641, 0.280000, 0.000000
0.034641, 0.320000, 0.000000
0.034641, 0.360000, 0.000000
0.034641, 0.400000, 0.000000
0.034641, 0.440000, 0.000000
0.034641, 0.480000, 0.000000
*FaceNodes
230, 231, 210
560, 541, 561
497, 481, 498
463, 479, 478
338, 664, 339
106, 107, 92
107, 106, 122
140, 141, 124
77, 78, 66
41, 32, 40
32, 41, 33
381, 380, 373
358, 355, 359
174, 173, 193
154, 155, 137
155, 173, 174
173, 155, 154
261, 285, 262
194, 174, 193
230, 252, 231
128, 113, 112
162, 163, 145
163, 162, 181
203, 183, 202
209, 230, 210
230, 209, 229
581, 560, 561
560, 581, 580
533, 553, 552
553, 533, 534
481, 482, 498
469, 484, 468
484, 483, 468
480, 481, 497
480, 497, 496
479, 480, 496
460, 475, 459
475, 460, 476
457, 458, 473
458, 457, 443
572, 551, 552
495, 479, 496
479, 495, 478
333, 334, 308
285, 309, 310
334, 309, 308
664, 665, 339
263, 240, 262
11, 16, 17
2, 3, 1
3, 2, 5
106, 121, 122
93, 79, 92
107, 93, 92
159, 142, 141
123, 107, 122
123, 140, 124
158, 159, 141
140, 158, 141
39, 38, 48
69, 81, 82
16, 23, 17
111, 96, 110
81, 95, 82
95, 81, 94
95, 96, 82
96, 95, 110
95, 109, 110
109, 95, 94
45, 36, 44
34, 26, 33
381, 382, 390
380, 389, 388
389, 380, 381
389, 381, 390
399, 389, 390
383, 376, 384
455, 454, 441
454, 469, 468
454, 455, 469
427, 439, 426
387, 395, 386
395, 394, 386
394, 395, 404
211, 232, 233
212, 211, 233
211, 212, 191
629, 628, 605
653, 629, 654
629, 653, 628
277, 301, 302
256, 279, 280
172, 173, 154
139, 123, 122
123, 139, 140
251, 230, 229
251, 252, 230
115, 130, 131
150, 149, 167
149, 150, 133
201, 222, 202
222, 201, 221
200, 201, 181
201, 200, 221
190, 171, 189
209, 190, 189
190, 209, 210
651, 650, 627
650, 651, 675
582, 604, 603
581, 582, 603
582, 581, 561
602, 581, 603
581, 602, 580
602, 601, 580
601, 602, 624
602, 625, 624
625, 602, 603
515, 497, 498
533, 515, 534
554, 553, 534
554, 555, 575
538, 537, 519
429, 442, 441
442, 455, 441
455, 442, 456
538, 520, 539
520, 538, 519
492, 475, 476
462, 463, 478
477, 462, 478
472, 457, 473
491, 492, 509
492, 491, 475
523, 505, 524
506, 505, 488
505, 506, 524
610, 588, 611
588, 610, 587
549, 529, 530
532, 533, 552
551, 532, 552
550, 549, 530
494, 477, 478
495, 494, 478
332, 658, 333
658, 332, 657
636, 612, 613
591, 590, 569
612, 590, 613
590, 591, 613
591, 614, 613
614, 592, 615
614, 591, 592
241, 240, 263
240, 241, 219
286, 285, 310
285, 286, 262
286, 263, 262
311, 286, 310
335, 334, 660
335, 309, 334
309, 335, 310
337, 338, 312
311, 337, 312
2, 4, 5
6, 3, 5
81, 80, 94
80, 67, 79
93, 80, 79
80, 93, 94
160, 142, 159
125, 109, 124
141, 125, 124
109, 125, 110
142, 125, 141
239, 261, 262
240, 239, 262
237, 216, 215
109, 108, 124
93, 108, 94
108, 109, 94
108, 93, 107
123, 108, 107
108, 123, 124
158, 177, 159
177, 158, 176
37, 38, 29
23, 24, 17
22, 23, 16
127, 128, 112
111, 127, 112
64, 63, 75
21, 15, 20
11, 12, 7
12, 11, 17
14, 15, 10
15, 14, 20
41, 42, 33
42, 34, 33
42, 43, 34
43, 42, 52
35, 36, 28
36, 35, 44
35, 43, 44
43, 35, 34
374, 381, 373
374, 382, 381
392, 383, 384
399, 400, 410
400, 399, 390
435, 434, 422
354, 353, 352
360, 364, 359
379, 387, 386
378, 379, 386
379, 378, 372
377, 376, 370
376, 377, 384
480, 465, 481
392, 402, 401
415, 427, 426
454, 440, 441
427, 440, 439
396, 395, 387
257, 256, 280
583, 606, 605
606, 629, 605
653, 652, 628
328, 303, 302
328, 653, 654
563, 562, 542
565, 544, 545
255, 232, 254
232, 255, 233
255, 256, 233
255, 279, 256
610, 609, 587
261, 284, 285
309, 284, 308
284, 309, 285
284, 283, 308
156, 155, 174
236, 237, 215
237, 236, 259
325, 350, 351
350, 349, 675
651, 676, 675
676, 350, 675
350, 676, 351
252, 253, 231
276, 299, 300
251, 274, 252
225, 246, 247
166, 185, 167
166, 149, 148
149, 166, 167
128, 129, 113
129, 128, 145
149, 132, 148
148, 132, 131
132, 149, 133
90, 91, 78
90, 78, 77
88, 75, 87
120, 119, 135
136, 120, 135
119, 120, 105
162, 180, 181
180, 200, 181
223, 203, 202
222, 223, 202
270, 248, 247
313, 338, 339
338, 313, 312
288, 313, 289
313, 288, 312
340, 665, 666
665, 340, 339
625, 626, 649
626, 604, 627
604, 626, 603
626, 625, 603
650, 626, 627
626, 650, 649
499, 482, 483
482, 499, 498
536, 556, 555
556, 536, 537
540, 522, 541
560, 540, 541
482, 467, 483
483, 467, 468
452, 438, 439
439, 438, 426
471, 487, 486
470, 455, 456
455, 470, 469
470, 471, 486
471, 470, 456
501, 502, 519
502, 520, 519
461, 477, 476
460, 461, 476
461, 462, 477
462, 461, 447
547, 527, 528
528, 527, 509
566, 565, 545
565, 566, 587
566, 588, 587
588, 566, 567
548, 549, 569
548, 547, 528
548, 529, 549
529, 548, 528
510, 528, 509
510, 529, 528
492, 510, 509
513, 495, 496
570, 591, 569
549, 570, 569
591, 570, 592
550, 570, 549
283, 307, 308
307, 333, 308
307, 332, 333
332, 307, 306
612, 635, 611
636, 635, 612
635, 636, 660
588, 589, 611
589, 612, 611
589, 588, 567
589, 590, 612
637, 636, 613
614, 637, 613
639, 640, 664
640, 665, 664
574, 554, 575
554, 574, 553
594, 593, 572
592, 593, 615
623, 601, 624
647, 623, 624
646, 623, 647
623, 646, 622
264, 241, 263
241, 264, 242
221, 220, 242
200, 220, 221
241, 220, 219
220, 241, 242
335, 336, 310
336, 311, 310
337, 336, 662
336, 337, 311
663, 639, 664
338, 663, 664
337, 663, 338
663, 337, 662
67, 68, 56
69, 68, 81
80, 68, 67
68, 80, 81
198, 218, 219
218, 240, 219
218, 198, 197
218, 239, 240
195, 194, 215
216, 195, 215
239, 238, 261
238, 216, 237
178, 198, 179
160, 178, 179
178, 160, 159
198, 178, 197
178, 177, 197
177, 178, 159
47, 37, 46
37, 47, 38
38, 47, 48
47, 58, 48
19, 26, 20
19, 14, 13
14, 19, 20
32, 31, 40
31, 39, 40
31, 24, 23
24, 31, 32
160, 143, 142
65, 77, 66
63, 53, 52
53, 43, 52
43, 53, 44
64, 53, 63
4, 8, 5
8, 4, 7
12, 8, 7
8, 12, 13
21, 27, 28
26, 27, 20
27, 26, 34
27, 21, 20
35, 27, 34
27, 35, 28
382, 375, 383
375, 376, 383
374, 375, 382
392, 391, 383
382, 391, 390
391, 382, 383
391, 392, 401
391, 400, 390
400, 391, 401
463, 448, 449
448, 462, 447
434, 448, 447
462, 448, 463
435, 448, 434
448, 435, 449
433, 434, 447
360, 357, 361
366, 365, 361
364, 365, 370
360, 365, 364
365, 360, 361
385, 378, 386
394, 385, 386
377, 385, 384
385, 377, 378
417, 416, 406
415, 416, 427
212, 192, 191
192, 172, 191
173, 192, 193
172, 192, 173
213, 192, 212
192, 213, 193
282, 283, 259
282, 307, 283
307, 282, 306
256, 234, 233
234, 212, 233
234, 213, 212
213, 234, 235
234, 257, 235
257, 234, 256
608, 607, 585
607, 608, 631
652, 327, 326
327, 301, 326
301, 327, 302
327, 652, 653
328, 327, 653
327, 328, 302
523, 543, 542
543, 563, 542
543, 523, 524
544, 543, 524
525, 526, 545
525, 506, 507
526, 525, 507
506, 525, 524
544, 525, 545
525, 544, 524
277, 278, 254
278, 277, 302
303, 278, 302
279, 278, 303
255, 278, 279
278, 255, 254
586, 565, 587
586, 608, 585
586, 609, 608
609, 586, 587
633, 658, 657
633, 609, 610
329, 328, 654
328, 329, 303
329, 655, 330
655, 329, 654
655, 656, 330
656, 655, 631
138, 121, 137
155, 138, 137
121, 138, 122
138, 139, 122
138, 156, 139
156, 138, 155
158, 157, 176
157, 158, 140
139, 157, 140
156, 157, 139
194, 214, 215
214, 194, 193
213, 214, 193
214, 213, 235
236, 214, 235
214, 236, 215
650, 674, 649
674, 650, 675
674, 349, 348
349, 674, 675
323, 322, 348
349, 323, 348
322, 323, 298
323, 299, 298
253, 275, 276
299, 275, 298
275, 253, 252
275, 299, 276
274, 275, 252
275, 274, 298
273, 274, 251
168, 150, 167
322, 347, 348
625, 648, 624
648, 625, 649
648, 647, 624
648, 672, 647
671, 646, 647
672, 671, 647
114, 130, 115
100, 114, 115
114, 129, 130
129, 114, 113
183, 182, 202
182, 163, 181
182, 201, 202
201, 182, 181
182, 164, 163
164, 182, 183
165, 164, 183
165, 166, 148
146, 129, 145
129, 146, 130
163, 146, 145
164, 146, 163
116, 115, 131
132, 116, 131
89, 102, 103
89, 90, 77
90, 89, 103
89, 88, 102
150, 134, 133
119, 134, 135
118, 134, 119
134, 118, 133
104, 90, 103
91, 104, 105
104, 119, 105
90, 104, 91
118, 104, 103
104, 118, 119
290, 266, 289
266, 290, 267
243, 221, 242
243, 222, 221
245, 268, 246
268, 245, 267
269, 268, 292
268, 269, 246
246, 269, 247
269, 270, 247
316, 317, 292
317, 316, 342
621, 599, 622
501, 500, 484
484, 500, 483
499, 500, 517
500, 499, 483
516, 515, 498
515, 516, 534
499, 516, 498
516, 499, 517
522, 521, 504
520, 521, 539
540, 521, 522
521, 540, 539
440, 453, 439
453, 454, 468
453, 452, 439
453, 440, 454
453, 467, 452
467, 453, 468
465, 466, 481
466, 482, 481
466, 467, 482
467, 466, 452
485, 501, 484
485, 484, 469
470, 485, 469
485, 470, 486
485, 502, 501
502, 485, 486
489, 506, 488
489, 472, 473
472, 489, 488
506, 489, 507
489, 490, 507
490, 489, 473
474, 458, 459
475, 474, 459
458, 474, 473
491, 474, 475
490, 474, 491
474, 490, 473
508, 526, 507
490, 508, 507
508, 491, 509
508, 490, 491
508, 527, 526
527, 508, 509
526, 546, 545
527, 546, 526
546, 547, 567
546, 527, 547
566, 546, 567
546, 566, 545
477, 493, 476
493, 492, 476
494, 493, 477
493, 510, 492
515, 514, 497
497, 514, 496
514, 515, 533
532, 514, 533
513, 514, 532
514, 513, 496
531, 532, 551
531, 550, 530
550, 531, 551
531, 513, 532
334, 659, 660
333, 659, 334
658, 659, 333
659, 635, 660
590, 568, 569
547, 568, 567
568, 548, 569
548, 568, 547
589, 568, 590
568, 589, 567
553, 573, 552
573, 572, 552
573, 594, 572
574, 573, 553
571, 550, 551
570, 571, 592
571, 551, 572
571, 570, 550
571, 593, 592
593, 571, 572
616, 639, 615
616, 640, 639
616, 593, 594
593, 616, 615
343, 317, 342
287, 311, 312
288, 287, 312
286, 287, 263
287, 286, 311
264, 287, 288
287, 264, 263
199, 198, 219
199, 180, 179
198, 199, 179
180, 199, 200
199, 220, 200
220, 199, 219
636, 661, 660
661, 335, 660
661, 637, 662
637, 661, 636
661, 336, 335
336, 661, 662
639, 638, 615
638, 614, 615
637, 638, 662
638, 637, 614
663, 638, 639
638, 663, 662
196, 177, 176
177, 196, 197
196, 195, 216
195, 196, 176
260, 284, 261
260, 237, 259
283, 260, 259
284, 260, 283
260, 238, 237
238, 260, 261
97, 111, 112
111, 97, 96
39, 49, 40
49, 39, 48
57, 46, 56
58, 57, 69
68, 57, 56
57, 68, 69
47, 57, 58
57, 47, 46
25, 24, 32
25, 32, 33
26, 25, 33
19, 25, 26
30, 22, 29
38, 30, 29
30, 38, 39
22, 30, 23
30, 31, 23
31, 30, 39
125, 126, 110
126, 111, 110
126, 125, 142
126, 127, 111
126, 143, 127
143, 126, 142
128, 144, 145
144, 162, 145
127, 144, 128
143, 144, 127
55, 65, 66
9, 6, 5
14, 9, 13
6, 9, 10
9, 14, 10
9, 8, 13
8, 9, 5
367, 374, 373
363, 362, 358
363, 358, 359
364, 363, 359
431, 418, 419
418, 407, 419
407, 408, 419
409, 399, 410
353, 356, 355
355, 356, 359
356, 353, 354
356, 360, 359
356, 357, 360
357, 356, 354
371, 377, 370
371, 366, 372
378, 371, 372
377, 371, 378
371, 365, 366
365, 371, 370
393, 392, 384
393, 402, 392
393, 385, 394
385, 393, 384
463, 464, 479
464, 463, 449
464, 480, 479
464, 465, 480
464, 450, 465
450, 464, 449
423, 435, 422
415, 414, 404
414, 415, 426
440, 428, 441
428, 417, 429
428, 429, 441
428, 440, 427
428, 416, 417
416, 428, 427
395, 405, 404
405, 396, 406
405, 415, 404
396, 405, 395
405, 416, 415
416, 405, 406
305, 281, 280
281, 257, 280
281, 305, 306
282, 281, 306
630, 655, 654
606, 630, 629
629, 630, 654
655, 630, 631
607, 630, 606
630, 607, 631
562, 584, 583
584, 563, 585
584, 606, 583
584, 562, 563
607, 584, 585
584, 607, 606
543, 564, 563
563, 564, 585
564, 544, 565
564, 543, 544
586, 564, 565
564, 586, 585
304, 279, 303
279, 304, 280
305, 304, 330
304, 305, 280
304, 329, 330
329, 304, 303
331, 332, 306
305, 331, 306
332, 331, 657
331, 305, 330
656, 331, 330
331, 656, 657
608, 632, 631
609, 632, 608
632, 633, 657
633, 632, 609
632, 656, 631
656, 632, 657
175, 156, 174
175, 195, 176
194, 175, 174
195, 175, 194
175, 157, 156
157, 175, 176
324, 325, 300
325, 324, 350
324, 349, 350
299, 324, 300
323, 324, 299
324, 323, 349
270, 271, 248
271, 270, 294
249, 271, 272
271, 249, 248
250, 249, 272
250, 251, 229
273, 250, 272
250, 273, 251
136, 152, 153
152, 136, 135
207, 188, 187
249, 227, 248
296, 273, 272
347, 673, 348
674, 673, 649
673, 674, 348
673, 347, 672
648, 673, 672
673, 648, 649
671, 670, 646
670, 671, 345
204, 184, 203
203, 184, 183
166, 184, 185
184, 204, 185
165, 184, 166
184, 165, 183
147, 148, 131
147, 165, 148
130, 147, 131
165, 147, 164
147, 146, 164
146, 147, 130
100, 101, 87
101, 100, 115
101, 88, 87
88, 101, 102
101, 116, 102
116, 101, 115
118, 117, 133
117, 132, 133
102, 117, 103
117, 118, 103
117, 116, 132
116, 117, 102
65, 76, 77
88, 76, 75
76, 64, 75
76, 65, 64
89, 76, 88
76, 89, 77
314, 340, 315
314, 313, 339
313, 314, 289
340, 314, 339
314, 290, 289
290, 314, 315
265, 264, 288
265, 288, 289
266, 265, 289
264, 265, 242
243, 265, 266
265, 243, 242
225, 224, 246
223, 224, 203
224, 204, 203
204, 224, 225
245, 224, 223
224, 245, 246
244, 243, 266
244, 266, 267
244, 223, 222
243, 244, 222
245, 244, 267
244, 245, 223
270, 293, 294
317, 293, 292
269, 293, 270
293, 269, 292
341, 667, 342
341, 340, 666
667, 341, 666
340, 341, 315
341, 316, 315
316, 341, 342
291, 268, 267
290, 291, 267
268, 291, 292
291, 290, 315
291, 316, 292
316, 291, 315
644, 643, 620
621, 644, 620
577, 576, 556
555, 576, 575
556, 576, 555
577, 578, 599
518, 501, 519
537, 518, 519
518, 536, 517
536, 518, 537
518, 500, 501
500, 518, 517
535, 554, 534
535, 536, 555
554, 535, 555
536, 535, 517
535, 516, 517
516, 535, 534
503, 502, 486
487, 503, 486
503, 487, 504
502, 503, 520
503, 521, 520
521, 503, 504
450, 451, 465
438, 451, 437
451, 438, 452
451, 450, 437
451, 466, 465
466, 451, 452
510, 511, 529
529, 511, 530
493, 511, 510
511, 493, 494
635, 634, 611
634, 633, 610
634, 610, 611
633, 634, 658
659, 634, 635
634, 659, 658
643, 619, 620
640, 641, 665
665, 641, 666
595, 573, 574
573, 595, 594
217, 238, 239
217, 218, 197
218, 217, 239
238, 217, 216
217, 196, 216
196, 217, 197
113, 98, 112
98, 97, 112
86, 100, 87
62, 63, 52
50, 41, 40
49, 50, 40
70, 58, 69
70, 69, 82
18, 12, 17
24, 18, 17
12, 18, 13
18, 19, 13
18, 25, 19
25, 18, 24
161, 160, 179
180, 161, 179
161, 180, 162
161, 143, 160
161, 144, 143
144, 161, 162
53, 54, 44
65, 54, 64
54, 45, 44
54, 53, 64
55, 54, 65
54, 55, 45
369, 364, 370
376, 369, 370
375, 369, 376
369, 363, 364
431, 430, 418
445, 460, 459
407, 397, 408
422, 421, 410
434, 421, 422
433, 421, 434
421, 409, 410
400, 411, 410
411, 422, 410
411, 400, 401
411, 423, 422
403, 413, 402
403, 393, 394
403, 394, 404
393, 403, 402
403, 414, 413
414, 403, 404
257, 258, 235
258, 236, 235
236, 258, 259
258, 282, 259
258, 281, 282
281, 258, 257
168, 151, 150
134, 151, 135
151, 134, 150
151, 152, 135
208, 209, 189
209, 208, 229
208, 188, 207
188, 208, 189
170, 171, 153
171, 170, 189
152, 170, 153
170, 188, 189
226, 225, 247
248, 226, 247
227, 226, 248
347, 346, 672
671, 346, 345
346, 671, 672
274, 297, 298
297, 322, 298
273, 297, 274
296, 297, 273
667, 668, 342
668, 667, 643
668, 343, 342
343, 668, 669
668, 644, 669
644, 668, 643
645, 621, 622
646, 645, 622
645, 670, 669
670, 645, 646
645, 644, 621
644, 645, 669
598, 621, 620
598, 577, 599
621, 598, 599
598, 576, 577
601, 579, 580
557, 577, 556
557, 556, 537
538, 557, 537
557, 578, 577
512, 531, 530
513, 512, 495
512, 494, 495
531, 512, 513
512, 511, 494
511, 512, 530
642, 667, 666
667, 642, 643
642, 619, 643
619, 642, 618
641, 642, 666
642, 641, 618
596, 619, 618
596, 574, 575
595, 596, 618
596, 595, 574
617, 641, 640
617, 616, 594
616, 617, 640
641, 617, 618
595, 617, 594
617, 595, 618
344, 343, 669
344, 670, 345
670, 344, 669
319, 344, 345
271, 295, 272
295, 271, 294
295, 296, 272
319, 295, 294
71, 84, 72
98, 84, 97
99, 114, 100
114, 99, 113
99, 98, 113
86, 99, 100
63, 74, 75
75, 74, 87
74, 86, 87
86, 74, 73
74, 62, 73
62, 74, 63
51, 42, 41
42, 51, 52
51, 62, 52
50, 51, 41
60, 71, 72
60, 50, 49
368, 367, 362
368, 375, 374
367, 368, 374
363, 368, 362
369, 368, 363
368, 369, 375
458, 444, 459
444, 458, 443
430, 444, 443
444, 430, 431
445, 444, 431
444, 445, 459
446, 461, 460
461, 446, 447
446, 433, 447
445, 446, 460
398, 389, 399
389, 398, 388
409, 398, 399
398, 409, 408
397, 398, 408
398, 397, 388
409, 420, 408
408, 420, 419
421, 420, 409
420, 421, 433
425, 438, 437
414, 425, 413
438, 425, 426
425, 414, 426
425, 424, 413
424, 425, 437
436, 450, 449
450, 436, 437
435, 436, 449
423, 436, 435
424, 436, 423
436, 424, 437
413, 412, 402
424, 412, 413
402, 412, 401
412, 424, 423
411, 412, 423
412, 411, 401
228, 227, 249
228, 250, 229
250, 228, 249
227, 228, 207
228, 208, 207
208, 228, 229
169, 168, 187
188, 169, 187
169, 151, 168
151, 169, 152
170, 169, 188
169, 170, 152
185, 186, 167
168, 186, 187
186, 168, 167
321, 346, 347
321, 347, 322
321, 297, 296
297, 321, 322
559, 540, 560
559, 560, 580
540, 559, 539
579, 559, 580
600, 623, 622
599, 600, 622
623, 600, 601
578, 600, 599
600, 579, 601
579, 600, 578
597, 598, 620
576, 597, 575
619, 597, 620
598, 597, 576
596, 597, 619
597, 596, 575
343, 318, 317
293, 318, 294
318, 293, 317
318, 319, 294
318, 344, 319
344, 318, 343
70, 83, 71
96, 83, 82
97, 83, 96
83, 70, 82
83, 84, 71
84, 83, 97
85, 86, 73
84, 85, 72
85, 73, 72
85, 84, 98
85, 99, 86
99, 85, 98
70, 59, 58
58, 59, 48
59, 49, 48
59, 70, 71
60, 59, 71
59, 60, 49
73, 61, 72
62, 61, 73
51, 61, 62
61, 51, 50
60, 61, 50
61, 60, 72
446, 432, 433
432, 445, 431
432, 431, 419
432, 446, 445
432, 420, 433
420, 432, 419
205, 204, 225
204, 205, 185
226, 205, 225
205, 186, 185
320, 319, 345
346, 320, 345
295, 320, 296
320, 295, 319
321, 320, 346
320, 321, 296
558, 579, 578
558, 557, 538
558, 538, 539
557, 558, 578
558, 559, 579
559, 558, 539
206, 227, 207
206, 207, 187
206, 226, 227
186, 206, 187
205, 206, 186
206, 205, 226
