*rodNodes
0.000000, 0.000000, -0.100000
0.200000, 0.000000, -0.080000
0.400000, 0.000000, -0.060000
0.600000, 0.000000, -0.040000
0.800000, 0.000000, -0.020000
0.100000, 0.173205, -0.080000
0.200000, 0.346410, -0.060000
0.300000, 0.519615, -0.040000
0.400000, 0.692820, -0.020000
-0.100000, 0.173205, -0.080000
-0.200000, 0.346410, -0.060000
-0.300000, 0.519615, -0.040000
-0.400000, 0.692820, -0.020000
-0.200000, 0.000000, -0.080000
-0.400000, 0.000000, -0.060000
-0.600000, 0.000000, -0.040000
-0.800000, 0.000000, -0.020000
-0.100000, -0.173205, -0.080000
-0.200000, -0.346410, -0.060000
-0.300000, -0.519615, -0.040000
-0.400000, -0.692820, -0.020000
0.100000, -0.173205, -0.080000
0.200000, -0.346410, -0.060000
0.300000, -0.519615, -0.040000
0.400000, -0.692820, -0.020000
*shellNodes
-1.000000, 0.000000, 0.000000
-0.750000, -0.433013, 0.000000
-0.750000, 0.433013, 0.000000
-0.500000, -0.866025, 0.000000
-0.500000, 0.000000, 0.000000
-0.500000, 0.866025, 0.000000
-0.250000, -0.433013, 0.000000
-0.250000, 0.433013, 0.000000
0.000000, -0.866025, 0.000000
0.000000, 0.000000, 0.000000
0.000000, 0.866025, 0.000000
0.250000, -0.433013, 0.000000
0.250000, 0.433013, 0.000000
0.500000, -0.866025, 0.000000
0.500000, 0.000000, 0.000000
0.500000, 0.866025, 0.000000
0.750000, -0.433013, 0.000000
0.750000, 0.433013, 0.000000
1.000000, 0.000000, 0.000000
*FaceNodes
27, 30, 26
30, 28, 26
40, 42, 44
43, 40, 44
30, 32, 35
32, 27, 29
27, 32, 30
34, 32, 29
33, 30, 35
28, 33, 31
33, 28, 30
33, 36, 31
42, 37, 39
37, 40, 35
37, 34, 39
37, 42, 40
37, 32, 34
32, 37, 35
40, 38, 35
38, 43, 41
36, 38, 41
43, 38, 40
33, 38, 36
38, 33, 35
*rodEdges
1, 2
2, 3
3, 4
4, 5
1, 6
6, 7
7, 8
8, 9
1, 10
10, 11
11, 12
12, 13
1, 14
14, 15
15, 16
16, 17
1, 18
18, 19
19, 20
20, 21
1, 22
22, 23
23, 24
24, 25
*rodshellJointEdges
5, 44
9, 41
13, 31
17, 26
21, 29
25, 39
