*rodNodes
0.000000, 0.000000, -0.100000
0.500000, 0.000000, -0.050000
0.250000, 0.433013, -0.050000
-0.250000, 0.433013, -0.050000
-0.500000, 0.000000, -0.050000
-0.250000, -0.433013, -0.050000
0.250000, -0.433013, -0.050000
*shellNodes
-1.000000, 0.000000, 0.000000
-0.500000, -0.866025, 0.000000
-0.500000, 0.866025, 0.000000
0.000000, 0.000000, 0.000000
0.500000, -0.866025, 0.000000
0.500000, 0.866025, 0.000000
1.000000, 0.000000, 0.000000
*FaceNodes
9, 11, 8
11, 10, 8
11, 12, 14
12, 11, 9
13, 11, 14
13, 10, 11
*rodEdges
1, 2
1, 3
1, 4
1, 5
1, 6
1, 7
*rodshellJointEdges
2, 14
3, 13
4, 10
5, 8
6, 9
7, 12
