*rodNodes
-0.288675, 0.000000, -0.100000
-0.144338, 0.250000, -0.050000
-0.144338, -0.250000, -0.050000
-0.577350, 0.000000, -0.050000
*shellNodes
-0.866025, 0.000000, 0.000000
-0.577350, -0.166667, 0.000000
-0.577350, 0.166667, 0.000000
-0.288675, -0.333333, 0.000000
-0.288675, 0.000000, 0.000000
-0.288675, 0.333333, 0.000000
0.000000, -0.500000, 0.000000
0.000000, -0.166667, 0.000000
0.000000, 0.166667, 0.000000
0.000000, 0.500000, 0.000000
*FaceNodes
10, 13, 14
13, 10, 9
6, 8, 9
8, 12, 9
12, 8, 11
12, 13, 9
10, 7, 9
7, 6, 9
6, 7, 5
*rodEdges
1, 2
1, 3
1, 4
*rodshellJointEdges
2, 14
3, 11
4, 5
