*rodNodes
0,0,0
0.0025,-0,-0
0.005,-0,-0
0.0075,-0,-0
0.01,-0,-0
0.0125,-0,-0
0.015,-0,-0
0.0175,-0,-0
0.02,-0,-0
0.0225,-0,-0
0.025,-0,-0
0.0275,-0,-0
0.03,-0,-0
0.0325,-0,-0
0.035,-0,-0
0.0375,-0,-0
0.04,-0,-0
0.0425,-0,-0
0.045,-0,-0
0.0475,-0,-0
0.05,0,0
0.0525,0,0
0.055,0,0
0.0575,0,0
0.06,0,0
0.0625,0,0
0.065,0,0
0.0675,0,0
0.07,0,0
0.0725,0,0
0.075,0,0
0.0775,0,0
0.08,0,0
0.0825,0,0
0.085,0,0
0.0875,0,0
0.09,0,0
0.0925,0,0
0.095,0,0
0.0975,0,0
0.1,0,0
*rodEdges
1,2
2,3
3,4
4,5
5,6
6,7
7,8
8,9
9,10
10,11
11,12
12,13
13,14
14,15
15,16
16,17
17,18
18,19
19,20
20,21
21,22
22,23
23,24
24,25
25,26
26,27
27,28
28,29
29,30
30,31
31,32
32,33
33,34
34,35
35,36
36,37
37,38
38,39
39,40
40,41
