*shellNodes
0,0,-0
0.1,0,-0
0.1,0.025,-0
0,0.025,-0
0,0.02,-0
0,0.015,-0
0,0.01,-0
0,0.005,-0
0.005,0,-0
0.01,0,-0
0.015,0,-0
0.02,0,-0
0.025,0,-0
0.03,0,-0
0.035,0,-0
0.04,0,-0
0.045,0,-0
0.05,0,-0
0.055,0,-0
0.06,0,-0
0.065,0,-0
0.07,0,-0
0.075,0,-0
0.08,0,-0
0.085,0,-0
0.09,0,-0
0.095,0,-0
0.1,0.005,-0
0.1,0.01,-0
0.1,0.015,-0
0.1,0.02,-0
0.095,0.025,-0
0.09,0.025,-0
0.085,0.025,-0
0.08,0.025,-0
0.075,0.025,-0
0.07,0.025,-0
0.065,0.025,-0
0.06,0.025,-0
0.055,0.025,-0
0.05,0.025,-0
0.045,0.025,-0
0.04,0.025,-0
0.035,0.025,-0
0.03,0.025,-0
0.025,0.025,-0
0.02,0.025,-0
0.015,0.025,-0
0.01,0.025,-0
0.00500000000000001,0.025,-0
0.022478427150011,0.0125106323172568,-0
0.017518633060533,0.0125021032505073,-0
0.08230193213547,0.0125005366139115,-0
0.0130896226901612,0.0124851707327759,-0
0.0965849364905389,0.0034150635094611,-0
0.0924191324228359,0.00413968200366937,-0
0.095843412490927,0.00755383913729626,-0
0.087642135688077,0.00448271595958054,-0
0.0953448862393414,0.0125011953936435,-0
0.0825469400053329,0.00427490881085714,-0
0.095867744779243,0.0174187313095093,-0
0.0775,0.00433012701892219,-0
0.0965849364905389,0.0215849364905389,-0
0.0725,0.00433012701892219,-0
0.0675,0.00433012701892218,-0
0.092453291454928,0.0208403686077092,-0
0.0625,0.00433012701892219,-0
0.0876401605817308,0.0205297398753474,-0
0.0575,0.00433012701892219,-0
0.0825434762663052,0.0207288127369167,-0
0.0525,0.0043301270189222,-0
0.0775,0.0206698729810778,-0
0.0475,0.00433012701892218,-0
0.0725,0.0206698729810778,-0
0.0425,0.00433012701892219,-0
0.0675,0.0206698729810778,-0
0.0375,0.0043301270189222,-0
0.0625,0.0206698729810778,-0
0.0325,0.00433012701892219,-0
0.0575,0.0206698729810778,-0
0.0275,0.0043301270189222,-0
0.0525,0.0206698729810778,-0
0.0224641412696232,0.00423362808906042,-0
0.0475,0.0206698729810778,-0
0.0173984931741754,0.00427114318484526,-0
0.0425,0.0206698729810778,-0
0.0123049312367788,0.0044593156965339,-0
0.0375,0.0206698729810778,-0
0.00757292655303251,0.00412956181790312,-0
0.0325,0.0206698729810778,-0
0.0034150635094611,0.0034150635094611,-0
0.0275,0.0206698729810778,-0
0.0224618098326747,0.0207733826038707,-0
0.00414712826394812,0.00754481619078672,-0
0.0173890846338918,0.020729967312352,-0
0.00460889159880874,0.0124811399284941,-0
0.0122823445056578,0.0205192356721427,-0
0.00411376246048837,0.0174091102458571,-0
0.00752770996979865,0.0208256338401371,-0
0.0034150635094611,0.0215849364905389,-0
0.0906063806082157,0.0094556860887934,-0
0.0850756996353615,0.00851687711804731,-0
0.0905790153393237,0.0155917166219229,-0
0.0799902982636345,0.00841742347541843,-0
0.0749966011418761,0.00841640973793713,-0
0.0699982134559535,0.00841360208948555,-0
0.065,0.00845927279904685,-0
0.0600010318619995,0.00841380220517642,-0
0.0850610290767654,0.016490605792395,-0
0.055000300316878,0.00841372600536052,-0
0.0799866453988051,0.016583503659766,-0
0.0499995858453005,0.00841946785774517,-0
0.0749959093130695,0.0165836468142566,-0
0.04499850833262,0.00842418657146449,-0
0.0699980701551935,0.0165863856211867,-0
0.0400005210830275,0.00842967886952879,-0
0.065,0.0165407272009531,-0
0.0349999444100894,0.00841903551119918,-0
0.06,0.0165839136851846,-0
0.0299960074279073,0.00841507201482549,-0
0.054999684348582,0.0165828281596338,-0
0.0249802941871301,0.00842564234458654,-0
0.0499997449589542,0.0165871222807055,-0
0.0199280216161917,0.00843244534033297,-0
0.0449994206999469,0.0165986109956893,-0
0.0147060213618889,0.00847129528132336,-0
0.0399975049369343,0.0165966133973924,-0
0.00935655312705252,0.00941519232468124,-0
0.0349977823658517,0.0165903266240203,-0
0.0299956013722862,0.0165862366601086,-0
0.0249808880358734,0.0165835596795721,-0
0.0199225886206715,0.0165926023117539,-0
0.0146938681024439,0.0165220385153302,-0
0.00932926107460637,0.0155264864481705,-0
0.0867889944219477,0.0125120674842538,-0
0.0774878752667069,0.0125000388871291,-0
0.0725,0.0125,-0
0.0675,0.0125,-0
0.0625,0.0125,-0
0.0575028765849004,0.0124951647627042,-0
0.0525000387869258,0.0124963616050112,-0
0.0474960948980293,0.0125115729014465,-0
0.0424955499055778,0.0125479335015126,-0
0.0375001338655932,0.0125193266565479,-0
0.0325,0.0125,-0
0.0275,0.0125,-0
*FaceNodes
136,111,113
53,111,136
118,79,77
118,77,116
112,73,71
127,125,86
101,58,56
101,102,58
116,77,75
143,116,114
54,128,126
54,126,52
142,123,125
143,114,142
139,117,119
87,10,11
97,48,49
140,110,108
87,11,85
143,142,125
89,10,87
118,120,79
103,66,68
103,68,109
143,125,127
90,44,45
144,118,116
51,131,132
54,134,128
140,119,121
141,110,140
144,127,129
145,118,144
72,35,36
137,106,105
62,23,24
136,105,104
96,6,7
135,101,103
53,136,104
136,113,137
136,137,105
52,124,51
61,30,31
52,51,132
145,144,129
146,122,120
71,18,19
141,140,121
142,114,112
141,123,142
99,49,50
141,142,112
138,106,137
138,137,115
145,130,146
63,32,66
68,33,34
64,22,23
64,23,62
145,146,120
69,19,20
139,119,140
139,140,108
134,96,128
93,46,47
80,39,40
143,127,144
59,29,30
143,144,116
53,104,102
53,102,135
90,88,44
79,14,15
54,133,134
59,57,29
63,61,31
57,28,29
86,42,43
92,45,46
79,81,14
77,15,16
74,36,37
80,40,82
86,84,42
82,40,41
74,72,36
68,34,70
96,7,94
100,4,5
55,56,27
55,2,28
99,97,49
92,46,93
75,16,17
82,41,84
94,7,8
91,8,1
71,19,69
78,38,39
54,52,133
63,66,61
95,47,48
81,13,14
91,1,9
91,9,89
83,12,13
83,85,12
98,5,6
98,6,96
73,17,18
86,43,88
76,37,38
65,21,22
100,50,4
100,5,98
77,79,15
88,43,44
77,16,75
95,93,47
55,27,2
65,22,64
92,90,45
73,18,71
70,34,35
60,24,25
60,25,58
58,25,26
134,98,96
134,97,99
56,26,27
70,35,72
85,11,12
83,13,81
59,30,61
56,58,26
60,62,24
104,62,60
66,32,33
66,33,68
129,88,90
129,90,130
74,37,76
111,70,72
100,99,50
100,98,99
111,109,70
104,60,102
145,120,118
95,48,97
120,81,79
120,122,81
132,93,95
89,9,10
104,105,62
103,59,61
67,20,21
67,21,65
128,96,94
128,94,89
103,101,59
67,69,20
78,39,80
84,41,42
124,85,83
124,126,85
91,94,8
91,89,94
113,72,74
113,111,72
53,109,111
53,135,109
125,84,86
115,74,76
63,31,3
63,3,32
114,75,73
73,75,17
145,129,130
127,86,88
135,103,109
103,61,66
121,80,82
114,116,75
127,88,129
121,119,80
106,65,64
78,76,38
130,90,92
134,133,97
107,67,65
110,71,69
55,28,57
55,57,56
123,82,84
123,84,125
133,95,97
133,132,95
128,89,87
124,83,122
108,69,67
108,67,107
110,112,71
117,76,78
106,107,65
117,78,119
105,64,62
105,106,64
131,92,93
122,83,81
101,57,59
109,68,70
52,132,133
126,87,85
110,69,108
141,121,123
138,107,106
139,107,138
126,128,87
134,99,98
119,78,80
117,115,76
138,115,117
137,113,115
101,56,57
102,60,58
139,138,117
139,108,107
121,82,123
141,112,110
131,130,92
131,93,132
52,126,124
114,73,112
146,131,51
51,124,122
113,74,115
135,102,101
146,51,122
146,130,131
